demo/dem10.dem
ncols         27
nrows         26
xllcorner     2410960
yllcorner     5901870
cellsize      10
NODATA_value  -9999
-9999 -9999 -9999 -9999 -9999 -9999 -9999 -9999 79.3779 79.0552 -9999 -9999 -9999 -9999 -9999 -9999 -9999 -9999 -9999 -9999 -9999 -9999 -9999 -9999 -9999 -9999 -9999 
-9999 -9999 -9999 -9999 -9999 81.83549 77.80067 74.299 73.75037 73.84483 74.28895 75.10757 -9999 -9999 -9999 -9999 -9999 -9999 -9999 -9999 -9999 -9999 -9999 -9999 -9999 -9999 -9999 
-9999 -9999 -9999 -9999 -9999 77.26933 72.45955 68.43755 66.65425 66.77075 67.78116 69.70872 71.71082 -9999 -9999 -9999 -9999 -9999 -9999 -9999 -9999 -9999 -9999 -9999 -9999 -9999 -9999 
-9999 -9999 -9999 -9999 78.12061 72.73532 67.14005 61.59049 59.55982 59.85603 61.42015 62.54515 65.08495 67.53484 -9999 -9999 -9999 -9999 -9999 -9999 -9999 -9999 -9999 -9999 -9999 -9999 -9999 
-9999 -9999 -9999 79.24742 75.26365 69.75891 62.629 55.12176 51.19529 52.90244 54.02224 54.90772 58.71822 62.83935 64.85269 66.00468 -9999 -9999 -9999 -9999 -9999 -9999 -9999 -9999 -9999 -9999 -9999 
-9999 -9999 -9999 -9999 73.68269 66.77527 60.20021 52.15285 46.16003 45.74147 43.80875 47.36876 52.90156 55.63771 57.90515 59.84922 64.70825 -9999 -9999 -9999 -9999 -9999 -9999 -9999 -9999 -9999 -9999 
-9999 -9999 -9999 -9999 73.28581 66.26006 59.07149 51.48746 43.70025 37.53824 35.43832 41.24372 45.31029 46.10063 49.94127 55.94092 60.73115 65.54882 -9999 -9999 -9999 -9999 -9999 -9999 -9999 -9999 -9999 
-9999 -9999 -9999 -9999 70.92509 65.7476 59.79172 53.42101 44.79649 36.82313 30.61599 34.69468 37.42652 39.98446 45.21909 51.28373 54.23806 61.43716 69.18068 -9999 -9999 -9999 -9999 -9999 -9999 -9999 -9999 
-9999 -9999 -9999 -9999 65.96362 60.80963 58.56513 55.14327 46.01954 37.83923 27.32813 27.70006 33.43869 39.11611 41.27939 44.26266 51.53726 60.02951 65.98343 70.88393 -9999 -9999 -9999 -9999 -9999 -9999 -9999 
-9999 -9999 -9999 -9999 60.95268 53.3248 50.31342 50.17682 46.6497 37.63446 27.32175 24.27998 31.40241 33.62962 37.50595 45.61462 52.95023 57.03278 60.03843 65.401 70.47646 72.50262 -9999 -9999 -9999 -9999 -9999 
-9999 -9999 -9999 -9999 57.93941 50.20843 42.17551 41.74309 42.21607 36.65604 26.86034 20.34999 25.63662 31.56803 40.25698 47.0411 48.96879 50.46182 54.35419 58.92471 63.81636 67.91557 71.43036 74.40568 -9999 -9999 -9999 
-9999 -9999 -9999 -9999 54.04681 47.39803 39.20184 32.67232 36.45159 34.72929 25.8105 19.19523 23.50687 32.11857 38.54452 42.45383 43.2545 44.75838 50.0701 53.58949 56.49451 60.17831 65.84413 70.87067 75.03856 -9999 -9999 
-9999 -9999 -9999 56.3202 51.74539 43.98203 36.93213 28.13449 29.56474 30.83324 23.78024 16.90222 20.98605 27.78311 33.31786 35.18682 37.05619 40.06427 45.0599 47.86233 51.02901 53.47269 58.39556 66.89317 72.56424 -9999 -9999 
-9999 -9999 -9999 51.79168 48.29229 44.247 36.03637 28.00389 21.05675 22.72351 18.6841 13.93857 15.84201 19.30127 23.16626 26.33725 29.62467 33.52796 36.76104 40.96635 45.48499 50.23183 56.10178 65.64317 71.74327 -9999 -9999 
-9999 -9999 -9999 48.18288 42.05761 39.84841 35.8184 28.41025 18.77633 15.30823 12.5856 14.95166 20.55629 23.91031 25.1661 27.43386 29.94746 33.57316 39.1419 44.80095 49.12601 53.6674 59.34407 66.01788 71.77679 77.60497 -9999 
-9999 -9999 51.14738 47.22024 39.09473 31.75159 27.51945 24.95116 18.59138 13.06019 10.76189 17.40722 23.08598 29.12532 33.76751 35.82463 37.30141 38.42001 41.00108 46.24088 52.73864 58.02053 63.12608 67.6482 73.44652 78.73056 -9999 
-9999 50.40146 48.28217 43.52072 38.71911 30.58468 23.09749 17.51758 14.97838 10.89117 10.02539 16.82124 24.92414 31.90194 39.46329 43.43828 46.10339 46.30502 46.5068 47.29835 54.38802 61.69788 67.52158 71.62774 76.50689 -9999 -9999 
-9999 47.67207 43.26761 37.1385 32.05336 27.89351 22.20866 13.90477 9.542607 7.359086 12.01932 18.67692 25.08671 31.91718 39.87712 47.12707 51.92442 53.19914 55.06411 56.07067 59.53714 64.47878 70.98656 -9999 -9999 -9999 -9999 
-9999 44.76089 37.17599 30.52851 27.50372 21.94233 16.62773 11.0826 5.034467 7.426387 14.65077 22.70383 29.06824 35.69992 42.87206 49.90091 53.54264 56.78701 60.89444 63.0833 65.4869 -9999 -9999 -9999 -9999 -9999 -9999 
45.41327 40.19266 34.63078 27.84741 21.24952 17.17595 11.92955 5.656676 4.372881 9.60586 15.20931 23.37109 29.87217 36.03633 41.76552 44.88625 48.32789 52.01165 57.83482 62.61085 -9999 -9999 -9999 -9999 -9999 -9999 -9999 
-9999 34.77111 28.84169 23.99356 18.39231 12.93108 7.581289 4.102795 4.366241 7.538158 13.29571 19.0607 24.18641 28.37682 33.2831 37.45545 41.8756 46.53929 51.7806 58.06933 -9999 -9999 -9999 -9999 -9999 -9999 -9999 
-9999 -9999 -9999 17.64541 13.1518 8.739758 4.249936 3.534005 5.003809 7.987588 10.83328 15.18505 19.07668 23.40505 29.05101 33.92652 39.87629 45.03918 50.58055 -9999 -9999 -9999 -9999 -9999 -9999 -9999 -9999 
-9999 -9999 -9999 -9999 -9999 4.62019 3.360348 3.97587 7.879655 13.458 18.21547 21.94912 24.43861 26.74091 31.66878 37.15041 44.45328 49.95633 -9999 -9999 -9999 -9999 -9999 -9999 -9999 -9999 -9999 
-9999 -9999 -9999 -9999 -9999 -9999 -9999 -9999 -9999 -9999 -9999 29.60547 32.47216 33.68907 34.29399 38.36322 44.99776 -9999 -9999 -9999 -9999 -9999 -9999 -9999 -9999 -9999 -9999 
-9999 -9999 -9999 -9999 -9999 -9999 -9999 -9999 -9999 -9999 -9999 -9999 -9999 41.71545 41.75457 43.72847 47.44946 -9999 -9999 -9999 -9999 -9999 -9999 -9999 -9999 -9999 -9999 
-9999 -9999 -9999 -9999 -9999 -9999 -9999 -9999 -9999 -9999 -9999 -9999 -9999 -9999 -9999 48.32892 -9999 -9999 -9999 -9999 -9999 -9999 -9999 -9999 -9999 -9999 -9999 
